

     // if/els/elif/end/whi/def/EOL/EOF/ =/ (/  )/  ,/  ID/ FUNC/expr
    {   1,  0,  0,  0,  1,  1,  2,  3,  0,  1,  0,  0,  1,  1,  1,  },  // [st-list]
    {   0,  0,  0,  0,  0,  0,  4,  5,  0,  0,  0,  0,  0,  0,  0,  },  // [EOF-EOL]
    {   7,  0,  0,  0,  7,  6,  0,  0,  0,  7,  0,  0,  7,  7,  7,  },  // [stat]
    {   9,  0,  0,  0,  8,  0,  0,  0,  0,  0,  0,  0,  10, 0,  0,  },  // [command]
    {   0,  0,  0,  0,  0,  0,  0,  0,  11, 0,  0,  0,  0,  0,  0,  },  // [func-assign-expr]
    {   12, 0,  0,  14, 12, 0,  13, 0,  0,  12, 0,  0,  12, 12, 12, },  // [end-list]
    {   15, 18, 17, 19, 15, 0,  16, 0,  0,  15, 0,  0,  15, 15, 15, },  // [if-list]
    {   0,  0,  0,  0,  0,  0,  0,  0,  0,  0,  0,  0,  20, 21, 0,  },  // [id-func]
    {   0,  0,  0,  0,  0,  0,  23, 0,  0,  22, 0,  0,  0,  0,  0,  },  // [params-gen]
    {   0,  0,  0,  0,  0,  0,  0,  0,  0,  0,  25, 0,  24, 0,  0,  },  // [p-brackets]
    {   0,  0,  0,  0,  0,  0,  0,  0,  0,  0,  27, 26, 0,  0,  0,  }   // [p-brackets-cont]